ralph____:2014-10-07 11
sxxe_:2014-10-05 21
Perv:2015-01-14 18
winavirus:2014-10-07 09
Poncheis:2015-01-15 01
BolaBOT_:2016-02-22 01
Orcy:2015-08-25 04
ystah2:2015-01-12 20
Dislexia:2015-06-08 00
LeoZ|mobile:2016-02-21 22
orcBOT:2015-06-01 21
LeeoZ:2015-08-24 18
Nosomy:2015-08-25 00
ralph___:2015-01-12 21
LeoZ:2016-03-24 12:28:29.281000
Nserv:2015-06-01 18
orc:2016-03-24 12:28:29.284000
wjoao:2014-10-12 03
anaodev:2014-10-01 18
Ysta:2014-10-17 01
Ystah:2016-03-24 12:28:29.288000
ralph__:2015-01-15 02
AndroUser2:2015-01-13 20
Ystahdroid:2015-06-01 20
Ystah_:2015-01-15 02
